-0.086207
-0.196653
0.225000
-0.015385
0.019608
-0.027027
-0.274074
0.169811
-0.105263
-0.090909
0.121951
-0.058824
0.142857
0.206897
-0.084746
0.327731
0.052632
-0.169811
0.017544
0.000000
0.006711
0.309091
0.018868
0.069767
-0.333333
0.039216
0.000000
-0.111111
-0.310345
0.102041
0.025316
0.210526
0.148148
0.269231
-0.012346
0.123596
-0.049180
0.016393
0.064516
0.160494
-0.034483
0.000000
0.348837
0.047619
0.032609
0.142857
0.028571
0.000000
0.081081
0.019868
0.025000
0.333333
0.225806
0.046154
-0.069767
0.375000
-0.015385
0.352941
0.316456
0.153846
0.169231
0.333333
0.096774
0.088608
0.024096
0.272727
0.178082
0.323944
0.261803
0.000000
0.098039
0.491525
0.086420
0.213483
0.210526
0.277778
0.358974
0.239437
0.293333
0.297297
-0.016949
0.120000
0.200000
0.240964
0.518072
0.100000
0.552239
0.125000
0.145038
0.015873
0.166667
0.138889
0.232877
0.157303
0.245283
0.301587
0.301587
0.012048
0.177665
0.424242
0.064516
0.350649
0.129870
0.463415
0.093750
0.000000
0.041096
0.272727
0.295455
0.178082
-0.070423
0.365079
0.230769
0.057143
0.533333
0.239437
0.294118
0.016216
0.393258
0.168831
0.280000
0.261905
0.171975
0.166667
0.307692
0.222222
0.304721
0.208791
0.070423
0.344262
0.278689
0.085714
0.234568
0.259259
0.294118
0.263158
0.257732
0.359223
0.260274
0.324675
0.105263
0.243523
0.150000
0.461538
0.176471
0.343284
0.229167
0.415094
0.189189
0.164557
-0.025641
0.329843
0.225806
-0.138889
0.074627
0.093333
0.097143
0.175000
0.305556
0.261538
0.142857
0.098039
0.023810
0.353846
-0.015873
0.454545
0.122995
0.378378
0.267606
0.375000
0.424658
0.245714
-0.015873
0.307692
0.353846
0.266667
0.268293
0.107143
0.659091
0.123288
0.218935
0.264706
-0.030303
0.350649
0.069767
0.493976
0.411765
0.226667
0.212121
0.285714
0.343590
0.076923
0.294118
0.360825
0.558824
0.302564
0.272727
0.492958
0.320755
0.147541
0.454545
0.263158
0.149425
0.325301
0.266667
0.223529
0.230769
0.308642
-0.150000
0.260274
0.157895
0.440860
0.485714
0.301587
0.292308
0.275862
-0.025641
0.731343
0.549296
0.206349
0.254237
0.393939
0.000000
0.410256
0.354839
0.358974
0.120000
0.357143
0.254237
0.311111
0.243243
0.131579
0.227273
0.152542
0.136612
0.212121
0.200000
0.443038
0.306122
0.224138
0.432836
0.325301
0.238095
0.186441
0.472393
0.301587
0.326316
0.536232
0.390476
0.166667
0.058824
0.162162
0.220884
0.222222
0.362637
0.305556
0.541667
0.221557
0.217391
-0.079365
0.292308
0.324324
0.247059
0.194444
0.101449
0.274725
0.252525
0.115044
0.142857
0.233333
0.127660
0.102804
0.512195
0.417722
0.148148
0.255319
0.449438
0.016393
0.352941
0.093333
0.442623
0.367521
0.522727
0.245902
0.354839
0.252747
0.154930
0.128205
0.500000
0.036145
0.337079
0.242424
0.191011
0.188406
0.180723
0.430000
0.500000
0.272727
0.481481
0.325000
0.365269
0.100000
0.449275
0.323529
0.228571
0.515152
0.114286
0.260274
0.186441
0.500000
0.239583
0.223529
0.421687
0.428571
0.321678
0.311111
0.346154
0.308642
0.260870
0.291667
0.241379
0.208791
0.333333
0.250000
0.351852
0.303030
0.090909
0.316456
0.448980
0.320388
0.181818
0.194444
0.267606
0.285714
0.524324
0.346154
0.225000
0.397260
0.056180
0.333333
0.324675
0.097561
0.394737
0.324324
0.300000
0.178082
0.093750
0.352113
0.148515
0.244898
0.072464
0.369863
0.370787
0.350000
0.421429
0.189189
0.200000
0.298701
0.466019
0.163636
0.540984
0.304348
0.239437
0.462366
0.183099
0.276596
-0.034483
0.255814
0.396985
0.506494
0.339286
0.319149
0.186047
0.284974
0.194030
0.298969
0.263158
0.265823
0.244604
0.256410
0.196078
0.150000
0.245714
0.081081
0.061728
0.041667
-0.035294
0.267490
0.230769
0.160000
0.150000
0.156250
0.300971
0.159420
0.139535
0.066667
0.243902
0.352273
0.363636
0.034483
0.500000
0.350000
0.333333
0.422680
0.157895
0.308642
-0.014085
0.277228
0.052632
0.323077
0.070423
0.303030
0.389163
0.365854
0.033708
0.166667
0.458824
0.413333
0.373494
0.194805
0.408696
0.560976
0.417266
0.323529
0.095890
0.205128
0.285714
0.400000
0.324675
0.214286
0.232558
0.437186
0.303371
0.420290
0.517241
0.263158
0.493333
0.544304
0.121951
0.376344
0.212121
0.364583
0.218391
0.389474
0.075000
0.232558
0.452632
0.333333
0.276596
0.250000
0.280000
0.396396
0.351852
0.204301
0.142857
0.181818
0.506024
0.333333
0.156627
0.173333
0.159420
0.465517
0.263158
0.303371
0.258065
0.163265
0.336634
0.160494
0.341176
0.264368
0.148936
0.248780
0.289474
0.195652
0.194444
0.284211
0.304762
0.376623
0.162162
0.194444
0.244240
0.173333
0.102564
0.438202
0.178082
0.350254
0.444444
0.180000
0.340909
0.127660
0.153285
0.260870
0.269231
0.342105
0.225806
0.470899
0.174312
0.302326
0.250000
0.524164
0.175000
0.240506
0.470588
0.333333
0.462185
0.506173
0.480519
0.310345
0.417722
0.417323
0.232323
0.443299
0.348315
0.358974
0.378462
0.134146
0.316667
0.126437
0.421320
0.333333
0.450549
0.532468
0.234568
0.500000
0.282609
0.421687
0.478261
0.102564
0.355649
0.358491
0.410256
0.235955
0.055556
0.247788
0.469880
0.378641
0.346154
0.296703
0.214058
0.226415
0.150000
0.326923
0.349398
0.458333
0.462185
0.196581
0.386139
0.409836
0.260000
0.448276
0.333333
0.346154
0.167421
0.280000
0.304348
0.000000
0.150000
0.165217
0.204545
0.170732
0.168831
0.247059
0.339450
0.132530
0.492958
0.368421
0.468085
0.369748
0.341772
0.186813
0.388235
0.346154
0.342222
0.415730
0.146067
0.252747
0.071429
0.104072
0.097561
0.366337
0.206107
0.277778
0.150000
0.568627
0.237113
0.368421
0.370370
0.264706
0.055556
0.255814
0.493333
0.409091
0.421687
0.309524
0.421053
0.382716
0.255814
0.264368
0.170732
0.200000
0.441860
0.301310
0.125000
0.428571
0.234043
-0.034483
0.369176
0.288462
-0.069767
-0.063291
0.239819
0.377778
0.365854
0.230769
0.103448
0.246862
0.333333
0.296703
0.157895
0.132075
0.311628
0.075472
0.127660
0.297872
0.305263
0.306306
0.023810
0.372093
0.111111
0.395833
0.335878
0.428571
0.145833
0.209302
0.292035
0.356322
0.315789
0.462366
0.009901
0.351779
0.256410
0.130952
0.174603
0.247525
0.347518
0.214286
0.168539
0.215190
0.313725
0.254545
0.342105
0.175439
0.061728
0.076923
0.262745
0.064748
0.314815
0.287129
0.120879
0.301724
0.173913
-0.041096
0.333333
0.175258
0.309524
0.263158
0.268293
0.458824
0.203390
0.185185
0.122449
0.162791
0.246575
0.186047
0.053763
0.000000
0.260274
0.154639
0.462366
0.168831
0.200000
0.237410
0.278195
0.247312
0.245283
0.221239
0.341880
0.258621
0.142857
0.092784
0.419355
0.250000
0.272727
0.169399
0.228070
0.515625
0.336000
0.214953
0.180000
0.118280
0.278351
0.391304
0.450980
-0.024390
0.083333
0.397849
0.337793
0.306122
0.090909
0.479167
0.250000
0.360996
0.414634
0.454545
0.296703
0.177778
0.264463
0.295455
0.238095
0.393939
0.400000
0.330357
0.168142
0.069307
0.126437
0.181818
0.193798
0.178947
0.062500
0.276074
0.115207
0.311111
0.209877
0.182796
0.307692
0.383333
0.228916
0.228916
0.166667
0.282609
0.341270
0.100000
0.153846
0.282609
0.261905
0.230159
0.215686
0.510204
0.280702
0.113636
0.479730
0.258427
0.118280
0.333333
0.449704
0.282609
0.025641
0.400000
0.302682
0.263158
0.362637
0.189189
0.020408
0.323442
0.268293
0.389474
0.326087
0.240143
0.305556
0.215909
0.116279
0.191011
0.363985
0.230769
0.224138
0.280899
0.463918
0.255061
0.192982
0.247525
0.145455
0.064516
0.322034
0.222930
0.000000
0.231788
0.118280
0.312500
0.401869
0.142857
0.128205
0.322259
0.365854
0.348148
0.219512
0.067961
0.177489
0.185714
0.207207
-0.006803
0.090909
0.239726
0.269231
0.243243
0.109375
0.033333
0.205298
0.085714
0.247525
0.404959
0.155556
0.265918
0.339806
0.252336
0.284553
0.072727
0.414062
0.339806
0.207547
0.465116
0.184953
0.230769
0.266667
0.047619
0.098901
0.197368
-0.073171
0.008850
0.232323
0.125000
0.206557
-0.010989
-0.100000
0.165468
0.148515
0.239852
0.274336
0.230769
0.009346
0.218182
0.305842
0.099099
-0.010989
0.111111
-0.102804
0.171171
-0.076923
0.196078
-0.131148
0.024793
0.361868
0.223140
0.400000
-0.009009
0.288889
0.281356
0.254902
0.242718
0.130435
0.076923
0.269231
0.155556
0.113924
0.216216
0.315789
0.098592
0.217391
0.288889
0.111111
0.240310
0.228346
0.462366
0.204301
0.048544
0.250000
0.234043
0.219048
0.456790
0.046512
0.373913
0.294118
0.202312
0.048780
0.247148
0.247312
0.168317
0.233333
0.440860
0.399267
-0.072165
0.074627
0.360825
0.389474
0.245902
0.382716
0.061728
0.245614
0.062500
0.186047
0.333333
0.266055
0.466667
0.225806
0.278912
0.042553
0.309735
0.195652
0.066667
0.283186
0.327273
0.154639
0.192982
0.179487
0.226277
0.333333
0.214286
0.309091
0.100000
0.265896
0.222222
0.289256
0.140000
0.123810
0.251397
0.223301
0.359223
0.140351
0.240143
0.105691
0.215686
0.181208
0.500000
0.163743
0.239437
0.240310
0.130435
0.174603
0.276873
0.100775
-0.018182
-0.022556
0.256637
0.263492
0.045455
0.145299
0.206897
0.364341
0.208791
0.061947
0.079137
0.008850
0.333333
0.165109
0.207207
0.151515
0.118280
0.238806
0.120743
0.232323
0.142857
0.000000
-0.058824
0.188406
0.183333
0.206897
0.160256
0.240876
0.122807
0.079365
-0.014493
0.184466
0.060000
0.153846
0.230769
0.065789
0.292208
0.067568
0.140187
0.189474
0.264901
0.096774
0.117647
0.095652
0.049505
0.228571
0.489796
0.229167
0.046980
0.121019
0.195195
0.031250
0.244444
0.131783
0.266055
0.081967
0.027027
0.055556
0.068702
0.121951
0.209150
0.474227
0.271186
0.017241
0.280277
0.500000
0.258741
0.086207
0.289308
0.168317
-0.122807
0.111111
0.080292
0.258503
0.000000
-0.064935
-0.048951
0.333333
0.262921
0.220339
-0.032680
0.172414
0.333333
0.232877
0.166667
0.116667
0.291667
0.269373
-0.007752
0.227273
0.089286
0.125749
0.299035
0.179487
0.295597
0.103448
0.173077
0.247475
0.183333
0.200000
0.114754
0.283276
0.075472
-0.048387
0.271318
0.041667
0.077882
0.258741
0.270073
0.307692
0.226891
0.293651
0.130435
0.196429
0.195652
0.438017
0.257143
0.139785
0.102041
0.071429
0.368421
0.265625
0.269565
0.274510
0.153846
0.394850
0.119266
0.099099
0.339130
0.351852
0.061644
0.214286
0.210526
0.250000
0.407407
0.278008
-0.176471
0.102564
0.049645
0.007634
0.094891
0.155556
-0.005917
0.147541
0.164835
0.298246
0.377049
0.351351
0.428571
0.280899
0.339683
0.383333
0.264151
0.431193
0.203883
0.333333
0.350000
0.392857
0.018182
0.126214
0.340824
0.183673
0.370370
0.277108
0.113636
0.311111
0.184466
0.252747
0.142857
0.258333
0.200000
0.276596
0.196262
0.028571
0.308219
0.208333
0.165217
0.259259
0.172414
0.265625
0.234043
0.479452
0.046729
-0.061947
0.163121
0.048544
0.188679
0.120879
0.056604
0.269373
0.448980
0.089286
0.082803
0.296443
0.276596
0.260870
0.257143
0.394495
0.280303
-0.075269
0.195652
0.283951
0.256637
0.225092
0.255319
0.033333
0.096154
0.115789
0.068702
0.270588
0.285714
0.106383
0.474576
0.292857
0.333333
0.452381
0.261905
0.166667
0.456067
0.411765
0.159420
0.114754
0.240000
0.220974
0.153153
0.254902
0.128713
0.062500
0.117871
0.225806
0.257143
0.305263
0.372549
0.196629
0.352941
0.170213
0.180723
0.261411
0.500000
0.290780
0.124088
0.327273
0.229008
0.152000
0.176471
0.344828
0.250000
0.305556
0.244094
0.262136
0.000000
0.121951
0.223077
0.311111
0.306931
0.148936
0.085714
0.380282
0.095238
0.381818
0.247312
0.232143
0.259542
0.088889
0.206612
0.375000
0.260870
0.237037
0.211009
0.180556
0.298246
0.288136
0.409722
0.151899
0.283582
0.306931
0.139785
0.328125
0.284211
0.200000
0.395349
0.262136
0.111111
0.326087
0.139535
0.327869
0.311475
0.221429
0.311475
0.228571
0.317829
0.250000
0.099099
0.295455
0.247458
0.137615
0.315315
0.427083
0.324232
0.094737
0.390476
0.166667
0.360656
0.308824
0.385965
0.263158
0.367521
0.165049
0.306397
0.089109
0.266667
0.417323
0.069767
0.422951
0.428571
0.343066
0.470588
0.195021
0.200000
0.415385
0.244094
0.125448
0.319588
0.333333
0.234568
0.170213
0.273408
0.148148
0.247525
0.310924
0.220000
0.264624
0.127273
0.214953
0.159664
0.347518
0.068493
0.076923
0.071429
0.145299
0.167260
0.041322
0.026549
0.092593
0.228070
0.294545
0.321739
0.226415
0.121495
-0.020000
0.174157
0.084746
-0.040000
0.244898
0.151079
0.357143
0.400000
-0.045872
0.312000
0.321321
0.148148
0.465517
0.163265
0.128713
0.250000
0.297872
0.260000
0.296296
0.226891
0.325000
0.131313
0.164835
0.280899
0.166667
0.283154
0.207547
0.175439
0.131313
0.222222
0.330612
0.339450
0.259843
0.250000
0.375000
0.200000
0.072727
0.319588
0.032967
-0.079646
0.153558
0.196262
0.056604
0.213675
0.402817
0.298969
0.551020
0.186992
0.322581
0.338290
0.277778
0.300000
0.024390
0.068966
0.360825
0.371429
0.230769
0.274725
0.079646
0.140845
0.368421
0.485294
0.388235
0.236364
0.409962
0.285714
0.057471
0.289720
0.183673
0.416244
0.448819
0.168142
0.313725
0.380952
0.390625
0.179487
0.190083
0.363636
0.361022
0.327434
0.333333
0.182796
0.092784
0.387454
0.350649
0.272727
0.367521
0.207921
0.340909
0.284404
0.269565
0.279070
0.122449
0.246753
0.353535
0.392857
0.270833
0.234973
0.203008
0.267857
0.200000
0.253333
0.195652
0.326531
0.148936
0.242718
0.063063
0.299611
0.155556
0.320000
0.241935
0.352941
0.219858
0.241379
0.129630
0.149425
0.103448
0.027586
0.220000
0.308411
0.250000
0.121495
0.353846
0.339286
0.266055
0.092784
0.092593
0.280632
0.271028
0.303571
0.445545
0.405405
0.356322
0.518987
0.470085
0.396825
0.396226
0.354108
0.158879
0.008264
0.145161
0.240924
0.247059
0.018634
0.166667
0.132075
0.205479
0.171717
0.210526
0.354167
0.283333
0.213235
0.207547
0.009901
0.228070
-0.014925
0.270758
0.257732
0.250000
0.362637
0.304348
0.323529
0.037037
0.158879
0.267327
0.241379
0.160000
0.155963
-0.029126
-0.023256
0.147826
0.206107
0.246753
0.323077
0.087379
0.333333
0.308550
0.257143
0.274510
0.315315
0.288462
0.419580
0.257143
0.446809
0.409524
0.443038
0.211470
0.431193
0.349206
0.235772
0.192308
0.352518
0.434343
0.220588
0.264957
0.311475
0.412541
0.377358
0.247863
0.300971
0.287770
0.131783
0.046875
0.351351
0.420000
0.328302
0.065574
0.233645
0.352381
0.409091
0.211896
0.035088
0.339286
0.230769
0.383178
0.370370
0.524752
0.553571
0.421384
0.333333
0.478261
0.358491
0.413462
0.315315
0.137255
0.078125
0.244898
0.179487
0.294545
0.232323
0.186441
0.105263
0.186813
0.275281
0.257732
0.238095
0.122807
0.222222
0.306931
0.084507
0.162162
0.173077
0.285246
0.094737
0.230769
0.111111
0.272727
0.226277
0.321739
0.446154
0.135135
0.140187
0.208333
0.165468
0.217391
-0.037037
0.225806
0.166667
0.467890
0.190083
0.162162
0.270833
0.302752
0.220000
0.055556
0.101695
0.344371
0.369697
0.057971
0.000000
0.279279
0.263844
0.339623
0.252033
0.196262
0.462185
0.310580
0.287129
0.048544
0.256637
0.100000
0.269504
0.097345
0.185185
0.236364
0.258667
0.277778
0.271028
0.040816
0.307692
0.275862
0.061947
0.116883
0.072165
0.154639
0.350877
0.234783
0.261261
0.009524
0.289720
0.429530
0.215470
0.102941
0.250000
0.109244
0.215548
0.254902
0.111111
0.039216
0.063830
0.243446
0.176471
0.268817
0.207921
0.370629
0.326531
0.274074
0.243243
0.265306
0.345133
0.333333
0.107438
0.333333
0.340426
0.306859
-0.012048
0.028571
0.362637
0.280702
0.389068
0.150685
0.109489
0.402299
0.446429
0.287356
0.264151
0.247312
0.304348
0.240741
0.187919
0.256637
0.078431
0.113043
0.224490
0.219331
0.185185
0.230769
0.258621
0.312500
0.320388
0.187500
-0.022901
0.135593
0.400000
0.204545
0.213483
0.225806
0.245283
0.149826
0.191489
0.011364
0.118110
0.307692
0.152416
0.303371
0.108696
0.190476
0.177778
0.265574
0.068966
-0.057143
0.028986
0.118644
0.129032
0.348837
0.271028
0.105691
0.301887
0.138686
0.145631
0.288462
0.010309
0.102362
0.078864
0.204082
0.050000
0.078261
0.229508
0.241135
-0.046729
0.134021
0.290909
0.147541
0.262248
0.315315
-0.005587
0.190083
0.255474
0.257143
0.294118
0.121495
0.059829
0.135338
0.092784
0.140000
0.102564
0.203704
0.145833
0.180328
0.104478
0.113636
0.072727
0.171642
0.108911
0.285714
0.104762
0.172414
0.290323
0.172414
0.259259
0.081081
0.106796
0.247525
0.182609
0.100000
0.290323
0.196078
0.270208
0.103448
0.269231
0.213675
0.247312
0.303371
0.266667
0.207921
0.244094
0.200000
0.365854
0.272727
0.017544
-0.037975
0.188679
0.256944
0.314815
0.240000
0.302326
0.079365
0.261324
0.339806
0.161905
0.391753
0.232558
0.393939
0.207207
0.247863
0.200000
0.340580
0.303571
0.086207
0.185185
0.268293
0.204013
0.126984
0.154639
0.082569
0.183673
0.219178
0.291667
0.148936
0.258621
0.382514
0.379310
0.305785
0.226415
0.287671
-0.008547
0.212121
0.173913
-0.022901
0.124654
0.116279
0.261905
0.186667
0.118280
0.230068
0.059829
0.343066
0.325000
0.148515
0.139785
-0.051095
0.064748
0.264151
0.240260
0.035714
-0.008403
0.053571
0.326316
0.129252
0.105691
0.266055
0.093023
0.106796
0.258216
-0.049180
0.151515
0.274510
0.209302
0.072727
0.306122
0.078431
0.326733
0.190311
0.244898
0.192661
0.037736
0.152542
0.254125
0.155963
0.125000
0.395833
0.218391
0.319298
0.200000
0.024793
0.111111
0.274336
0.326460
0.016949
0.308411
0.191919
0.327957
0.196262
0.132075
0.226415
0.070175
0.306273
0.045872
0.213675
0.033708
-0.028571
0.204082
0.217391
0.307692
0.185841
0.010526
0.156364
0.345455
0.302752
0.200000
0.008850
0.212121
0.308642
0.074074
0.163934
0.092308
0.187919
0.176471
0.102041
0.243243
0.128713
0.142857
0.263158
0.298969
0.173554
-0.056911
0.240418
0.369231
0.142857
0.043478
0.266055
0.197324
0.113402
0.333333
0.228070
0.072165
0.283333
0.111111
0.123810
0.239669
0.203187
0.075472
0.237288
0.270833
0.156863
0.289855
0.272727
0.345133
0.312500
0.261905
0.275472
0.117647
0.080000
0.319588
0.214286
0.204301
0.362832
0.291667
0.400000
0.300000
0.226933
0.333333
0.358491
0.139785
0.323636
0.575758
0.437500
0.269231
0.252525
0.195730
0.260000
0.145631
0.384615
0.116667
0.247312
0.269231
0.104478
0.238095
0.145455
0.118881
0.236364
0.191919
0.173913
0.295238
0.226415
0.211009
0.339806
0.126050
0.225225
0.231939
0.344000
0.288889
0.212766
0.272727
0.276451
0.180952
0.224490
0.157895
0.147826
0.181159
0.185841
0.252033
0.247706
0.136842
0.289256
0.285714
0.145038
0.057692
0.179104
0.090909
0.238095
0.181102
0.187500
0.206897
0.119266
0.289720
0.154472
0.243243
0.208791
0.333333
0.200000
0.285714
0.009346
0.150502
0.024000
0.045872
0.171717
0.317073
0.073529
0.168142
0.333333
0.300000
0.278351
0.223077
0.288462
0.200000
0.042553
0.189189
0.261324
0.220000
0.189542
0.045455
0.044118
0.327044
0.031579
0.237288
0.010989
0.132075
0.260000
0.215686
0.233083
0.258427
0.319588
0.111864
0.352381
0.200000
0.189189
0.361702
0.243636
0.280702
0.277778
0.381215
0.326316
0.218182
0.296296
0.207207
0.000000
0.300971
0.119266
0.200000
0.288462
0.166667
0.281356
0.377358
0.150000
0.136364
0.189189
0.289474
0.257732
0.215686
0.157895
0.315789
0.305085
0.227723
0.177778
0.172414
0.348039
0.346535
0.288462
0.263158
0.202532
0.278689
0.215686
0.223140
0.126214
0.258856
0.247525
-0.009009
0.241379
0.268456
0.314815
0.406780
0.259259
0.264368
0.182663
0.207921
0.044118
0.226667
0.223301
0.257576
0.187500
0.180952
0.269565
0.412844
0.338521
0.426230
0.520000
0.227273
0.398230
0.281013
0.357798
0.372549
0.390476
0.302632
0.315315
0.272727
0.300813
0.176471
0.339806
0.286957
-0.043478
0.175258
0.253012
0.217391
0.282609
0.195876
0.241379
0.353535
0.263514
0.270588
0.228346
0.157895
0.101124
0.175676
0.354839
0.303571
0.439252
0.267327
0.439189
0.282609
0.232323
0.405941
0.260870
0.229630
0.235294
0.140000
0.250000
0.184987
0.405941
0.117647
0.215190
0.073684
0.222222
0.188119
0.200000
0.131579
0.212766
0.411765
0.296296
0.068702
-0.016393
0.182796
0.292517
0.271523
0.247312
0.402299
0.191011
0.188811
0.422680
0.191919
0.161905
0.181818
0.307985
0.462366
0.291667
0.282609
0.340206
0.301587
0.115385
0.469388
0.137615
0.323420
0.282443
0.221053
0.244444
0.360000
0.203947
0.140000
0.134021
0.227723
0.152941
0.320896
0.420000
0.170732
0.347826
0.208333
0.347670
0.351852
0.081633
0.305263
0.403509
0.363296
0.233161
0.398058
0.290323
0.260563
0.225225
0.364486
0.241379
0.200000
0.301471
0.212766
0.402299
0.482759
0.397590
0.212355
0.462963
0.326733
0.434343
0.262136
0.234201
0.207921
0.125926
0.296000
0.326733
0.237762
0.425743
0.260870
0.182796
0.121495
0.320463
0.313725
0.301887
0.171717
0.279279
0.266129
0.254545
0.260870
0.234043
0.061224
0.377193
0.173077
0.190476
0.386139
0.420000
0.315068
0.317073
0.339623
0.116279
0.377778
0.354839
0.138889
0.142857
0.190476
0.378571
0.342466
0.208791
0.228070
0.085106
0.129825
0.113208
0.257732
0.163265
0.168142
0.394161
0.160494
0.472727
0.270833
0.313131
0.319298
0.289474
0.194444
0.191489
0.315068
0.345324
0.327434
0.296296
0.266667
0.192308
0.301961
0.340000
0.272727
0.037736
0.422680
0.271523
0.476636
0.229167
0.355556
0.189189
0.348485
0.327586
0.090909
0.171717
0.145833
0.229091
0.240000
0.200000
0.288462
0.302326
0.314286
0.561644
0.392000
0.463087
0.312281
0.462366
0.384615
0.102804
0.272727
0.343874
0.252336
0.357798
0.255319
0.255814
0.418868
0.326733
0.431579
0.321429
0.326923
0.343066
0.504587
0.333333
0.174312
0.284211
0.324841
0.326316
0.400000
0.346535
0.508951
0.322034
0.408696
0.475728
0.354167
0.214953
0.428571
0.284404
0.346154
0.376000
0.415094
0.136000
0.224490
0.318841
0.333333
0.351351
0.295455
0.300000
0.290909
0.190476
0.223140
0.252525
0.105263
0.216561
0.130435
0.339623
0.267327
0.240310
0.299685
0.409524
0.333333
0.191011
0.309735
0.313283
0.266055
0.397260
0.465116
0.337884
0.405405
0.384615
0.225225
0.410714
0.324232
0.346535
0.140351
0.200000
0.220779
0.356164
0.381818
0.410256
0.373494
0.387755
0.290566
0.111111
0.252747
0.339623
0.137615
0.265918
0.433962
0.152542
0.113402
0.304348
-0.007634
0.153846
0.359223
0.340000
0.289655
0.288889
0.244898
0.071429
0.284211
0.309237
0.121495
0.327273
0.228070
0.297872
0.257951
0.185185
0.190476
0.290323
0.386139
0.308271
0.272727
0.159420
0.258621
0.252525
0.333333
0.220000
0.318182
0.172414
0.214953
0.445255
0.402062
0.285714
0.216495
0.402062
0.333333
0.373737
0.297872
0.297872
0.373737
0.347826
0.388235
0.177570
0.345133
0.253333
0.203390
0.532468
0.508772
0.279070
0.348837
0.464789
0.125000
0.277778
0.320388
0.395522
0.472222
0.401869
0.493333
0.340659
0.364706
0.405405
0.098901
0.375000
0.373737
0.315589
0.473684
0.547445
0.483871
0.442060
0.581395
0.333333
0.333333
0.376623
0.475728
0.456522
0.518072
0.527273
0.376344
0.391667
0.451327
0.333333
0.487179
0.195122
0.265993
0.351351
0.315315
0.397590
0.361111
0.432000
0.333333
0.407407
0.605634
0.666667
0.360656
0.437500
0.326087
0.350649
0.666667
0.523013
0.237113
0.550000
0.555556
0.243243
0.464151
0.488889
0.420290
0.728814
0.473684
0.358601
0.428571
0.405405
0.282051
0.254098
0.365854
0.395349
0.053763
0.642857
0.351779
0.013699
0.400000
0.473684
0.651163
0.361502
0.518519
0.333333
0.291139
0.151515
0.379913
0.523810
0.555556
0.464789
0.373494
0.394231
0.378378
0.404255
0.288889
0.348315
0.505882
0.446809
0.459459
0.391304
0.325581
0.265823
0.300000
0.472222
0.518987
0.448980
0.283465
-0.163265
0.087719
0.145833
-0.090909
0.328467
0.200000
0.409091
0.225806
0.154930
0.300000
0.102041
0.182796
-0.082569
0.290323
0.280702
0.018182
0.125000
0.049383
0.211618
0.181818
0.062500
0.409836
0.295775
0.330233
0.111111
0.303797
0.071429
0.313609
0.148515
0.180000
0.121212
0.130435
0.313131
0.089286
0.444444
0.115789
0.250000
0.155963
0.127072
0.428571
0.088889
